planner,instance,num_holes,num_hole_vertices,cost,sweep_distance,v_max,a_max,num_nodes,num_edges,num_cells,decomposition,edge_creation,line_sweeps,node_creation,poly_offset,polygon_adjacency,pruning,setup_solver,solve,sweep_graph,timer_setup_total,timer_solve_total
our_bcd,0/0000,0,0,1438.12,3,3,1,8,0,1,0.00060639,9.935e-06,0.0124827,0.000743888,4.955e-06,1.232e-06,0.000166743,1.53e-07,0.0248829,0.0134636,0.0140952,0.0248856
our_tcd,0/0000,0,0,1438.12,3,3,1,8,0,1,0.000519957,7.367e-06,0.0131979,0.000782217,1.163e-06,3.28e-07,0.000206476,3.5e-08,0.00346756,0.0142201,0.0147459,0.00346838
one_dir_gkma,0/0000,0,0,1438.12,3,3,1,1,0,1,0.000415552,7.66e-07,0.00343236,0.00010336,1.087e-06,2.52e-07,9.066e-06,4.4e-08,0.00539182,0.00356591,0.00398586,0.00539277
gtsp_exact,0/0000,0,0,1438.12,3,3,1,8,0,1,0.000443095,7.885e-06,0.0135916,0.000818971,1.341e-06,2.63e-07,0.000207536,4.2245e-05,0.000461649,0.0146606,0.0151516,0.000462517
one_dir_exact,0/0000,0,0,1438.12,3,3,1,1,0,1,0.000425823,8.55e-07,0.00341425,0.000105321,9.95e-07,2.77e-07,7.063e-06,1.0751e-05,0.000178843,0.00354788,0.00398901,0.000179598
our_bcd,0/0001,0,0,1438.12,3,3,1,8,0,1,0.00059618,7.011e-06,0.013343,0.000769647,9e-07,1.47e-07,0.000207134,1.9e-07,0.00353117,0.014404,0.0150082,0.00353239
our_tcd,0/0001,0,0,1438.12,3,3,1,8,0,1,0.000473399,6.614e-06,0.0132734,0.000754152,9.67e-07,2.79e-07,0.000204216,1.23e-07,0.00348914,0.0142739,0.0147521,0.00348998
one_dir_gkma,0/0001,0,0,1438.12,3,3,1,1,0,1,0.000419618,2.116e-06,0.00343003,0.000105143,9.82e-07,2.9e-07,7.637e-06,1.81e-07,0.00542403,0.00358095,0.00400531,0.00542515
gtsp_exact,0/0001,0,0,1438.12,3,3,1,8,0,1,0.000445672,7.01e-06,0.0133857,0.000770436,1.523e-06,2.8e-07,0.000203981,1.4441e-05,0.000418712,0.0144032,0.014869,0.000419603
one_dir_exact,0/0001,0,0,1438.12,3,3,1,1,0,1,0.000428029,1.443e-06,0.00342685,0.000103194,9.55e-07,2.65e-07,8.942e-06,1.1312e-05,0.000175984,0.00355901,0.00400272,0.000176686
our_bcd,0/0002,0,0,1438.12,3,3,1,8,0,1,0.00057694,8.237e-06,0.0130759,0.000757288,7.46e-07,1.29e-07,0.000205773,2.07e-07,0.00383198,0.0141068,0.0146881,0.00383689
our_tcd,0/0002,0,0,1438.12,3,3,1,8,0,1,0.000751142,6.897e-06,0.0131161,0.000757195,1.702e-06,3.8e-07,0.000203797,1.12e-07,0.00352496,0.0141099,0.0148695,0.00352643
one_dir_gkma,0/0002,0,0,1438.12,3,3,1,1,0,1,0.000466191,8.97e-07,0.00348443,0.000102334,1.52e-06,3.65e-07,7.593e-06,3.56e-07,0.00524327,0.00361867,0.00409515,0.00524396
gtsp_exact,0/0002,0,0,1438.12,3,3,1,8,0,1,0.000427841,7.658e-06,0.0138136,0.000786777,1.434e-06,4.12e-07,0.000208004,1.3773e-05,0.00041873,0.0148528,0.0153002,0.0004199
one_dir_exact,0/0002,0,0,1438.12,3,3,1,1,0,1,0.000429012,6.63e-07,0.00340894,0.000100997,9.94e-07,2.9e-07,7.315e-06,1.1599e-05,0.000187509,0.00353951,0.00398688,0.000188171
our_bcd,0/0003,0,0,1438.12,3,3,1,8,0,1,0.00103753,7.237e-06,0.0136022,0.000769029,4.602e-06,1.123e-06,0.00020884,1.7e-07,0.00352646,0.0146331,0.0156859,0.00352751
our_tcd,0/0003,0,0,1438.12,3,3,1,8,0,1,0.000467795,6.932e-06,0.0131854,0.000756825,1.037e-06,3.17e-07,0.000205841,1.88e-07,0.00344853,0.0142005,0.0146736,0.00344941
one_dir_gkma,0/0003,0,0,1438.12,3,3,1,1,0,1,0.000419112,8.96e-07,0.00341129,0.00010574,1.042e-06,2.94e-07,7.926e-06,1.23e-07,0.00573394,0.00356204,0.00398585,0.00573514
gtsp_exact,0/0003,0,0,1438.12,3,3,1,8,0,1,0.000434974,7.873e-06,0.0131869,0.000813121,1.125e-06,3.09e-07,0.000210163,1.4696e-05,0.000426989,0.0142552,0.014713,0.000435502
one_dir_exact,0/0003,0,0,1438.12,3,3,1,1,0,1,0.00042919,6.43e-07,0.00341956,0.000101027,1.174e-06,3.18e-07,7.453e-06,1.0952e-05,0.000171653,0.00354965,0.00399874,0.000172394
our_bcd,0/0004,0,0,1438.12,3,3,1,8,0,1,0.00057874,7.345e-06,0.0132748,0.000762754,7.22e-07,1.44e-07,0.000206087,2.03e-07,0.00340453,0.0142913,0.0148746,0.0034056
our_tcd,0/0004,0,0,1438.12,3,3,1,8,0,1,0.000490837,7.188e-06,0.0131236,0.000758576,1.407e-06,4.52e-07,0.000207856,1.83e-07,0.00369704,0.0141409,0.0146905,0.00370039
one_dir_gkma,0/0004,0,0,1438.12,3,3,1,1,0,1,0.000439198,8.29e-07,0.003395,0.000105869,1.213e-06,3.01e-07,7.84e-06,1.25e-07,0.00515227,0.00353675,0.00398143,0.00515304
gtsp_exact,0/0004,0,0,1438.12,3,3,1,8,0,1,0.000409893,9.24e-06,0.0133649,0.00079047,7.67e-07,1.62e-07,0.000218371,1.4376e-05,0.00043182,0.0144191,0.0148499,0.000432721
one_dir_exact,0/0004,0,0,1438.12,3,3,1,1,0,1,0.000431686,8.99e-07,0.00350744,0.000108922,9.65e-07,3.53e-07,8.163e-06,1.4642e-05,0.000191563,0.00366597,0.00412649,0.0001924
our_bcd,0/0005,0,0,1438.12,3,3,1,8,0,1,0.00161924,7.121e-06,0.0132821,0.000758611,2.029e-06,5.29e-07,0.000207443,1.7e-07,0.00350125,0.0142958,0.0159237,0.00350277
our_tcd,0/0005,0,0,1438.12,3,3,1,8,0,1,0.00049907,6.853e-06,0.0133711,0.000771003,1.184e-06,2.9e-07,0.000203798,2.05e-07,0.00335495,0.0144221,0.0149329,0.00335607
one_dir_gkma,0/0005,0,0,1438.12,3,3,1,1,0,1,0.000418742,6.21e-07,0.00335766,0.000100407,1.397e-06,2.88e-07,7.522e-06,6.8e-08,0.00515092,0.00348647,0.00391498,0.00515377
gtsp_exact,0/0005,0,0,1438.12,3,3,1,8,0,1,0.000410475,1.0539e-05,0.0131733,0.000876045,7.36e-07,2.06e-07,0.000217406,2.3133e-05,0.000514741,0.0144025,0.0148414,0.000516895
one_dir_exact,0/0005,0,0,1438.12,3,3,1,1,0,1,0.00042882,6.45e-07,0.00342691,0.000101602,9.62e-07,2.54e-07,7.602e-06,1.1196e-05,0.000174443,0.00356024,0.00400442,0.000175195
our_bcd,0/0006,0,0,1438.12,3,3,1,8,0,1,0.000582986,7.254e-06,0.0130752,0.000785437,7.74e-07,1.68e-07,0.000206044,2.34e-07,0.00339247,0.0141119,0.0147019,0.00339342
our_tcd,0/0006,0,0,1438.12,3,3,1,8,0,1,0.000472799,6.776e-06,0.013438,0.000755884,9.43e-07,3.46e-07,0.000204915,2.67e-07,0.00341334,0.0144402,0.0149228,0.0034142
one_dir_gkma,0/0006,0,0,1438.12,3,3,1,1,0,1,0.000417889,6.51e-07,0.0033556,0.00010147,1.011e-06,3.49e-07,7.309e-06,6.9e-08,0.00532872,0.00348782,0.00391009,0.00532978
gtsp_exact,0/0006,0,0,1438.12,3,3,1,8,0,1,0.00044406,6.914e-06,0.0134072,0.000766355,1.085e-06,3.46e-07,0.000203813,1.4793e-05,0.000421938,0.0144206,0.0148906,0.000422738
one_dir_exact,0/0006,0,0,1438.12,3,3,1,1,0,1,0.000427765,6.17e-07,0.003399,0.000101044,9.42e-07,2.99e-07,7.579e-06,1.0663e-05,0.000173419,0.00352875,0.0039743,0.000174147
our_bcd,0/0007,0,0,1438.12,3,3,1,8,0,1,0.000574745,7.063e-06,0.0136164,0.000777277,7.72e-07,1.61e-07,0.000205596,1.72e-07,0.00355923,0.0146524,0.015232,0.00356157
our_tcd,0/0007,0,0,1438.12,3,3,1,8,0,1,0.000531612,6.957e-06,0.0131797,0.000750743,1.211e-06,4.03e-07,0.000205066,1.75e-07,0.00350571,0.0141852,0.0147229,0.00350708
one_dir_gkma,0/0007,0,0,1438.12,3,3,1,1,0,1,0.000445809,8.8e-07,0.00345645,0.000101136,1.919e-06,3.24e-07,7.904e-06,1.24e-07,0.00533698,0.00359523,0.00405309,0.00533785
gtsp_exact,0/0007,0,0,1438.12,3,3,1,8,0,1,0.000421035,6.856e-06,0.0132429,0.000761184,2.631e-06,6.97e-07,0.000205398,1.4902e-05,0.000424681,0.0142546,0.0147027,0.000425513
one_dir_exact,0/0007,0,0,1438.12,3,3,1,1,0,1,0.000416868,5.98e-07,0.00338805,0.000103154,1.001e-06,2.82e-07,7.725e-06,1.0804e-05,0.00017162,0.0035228,0.00395494,0.000172298
our_bcd,0/0008,0,0,1438.12,3,3,1,8,0,1,0.000636357,7.154e-06,0.0133084,0.000916584,9.45e-07,3.9e-07,0.000213963,2.01e-07,0.00334734,0.014487,0.0151306,0.00334825
our_tcd,0/0008,0,0,1438.12,3,3,1,8,0,1,0.000466484,7.916e-06,0.0130868,0.000763398,1.112e-06,3.01e-07,0.000210031,1.66e-07,0.00343815,0.014114,0.0145934,0.00343947
one_dir_gkma,0/0008,0,0,1438.12,3,3,1,1,0,1,0.000447759,1.869e-06,0.00338444,0.000100049,1.425e-06,3.08e-07,7.746e-06,6.5e-08,0.00551528,0.00364941,0.00410269,0.00551701
gtsp_exact,0/0008,0,0,1438.12,3,3,1,8,0,1,0.000433876,7.681e-06,0.0131127,0.000773347,1.064e-06,7.28e-07,0.000207429,1.3672e-05,0.000449705,0.0141303,0.014583,0.000450598
one_dir_exact,0/0008,0,0,1438.12,3,3,1,1,0,1,0.000430351,9.93e-07,0.00350273,0.000103081,1.165e-06,4.06e-07,7.65e-06,1.3503e-05,0.000176357,0.00364517,0.0040975,0.000184097
our_bcd,0/0009,0,0,1438.12,3,3,1,8,0,1,0.000426743,7.887e-06,0.0142082,0.000779524,9.53e-07,2.58e-07,0.000211732,1.55e-07,0.00357404,0.0152464,0.0156842,0.00357581
our_tcd,0/0009,0,0,1438.12,3,3,1,8,0,1,0.000490524,6.873e-06,0.0133793,0.000821849,1.022e-06,3.04e-07,0.000205903,1.76e-07,0.00350869,0.0144555,0.0149514,0.00351033
one_dir_gkma,0/0009,0,0,1438.12,3,3,1,1,0,1,0.000467894,8.78e-07,0.00380707,0.000101818,1.513e-06,4.47e-07,7.602e-06,1.85e-07,0.00527789,0.00397185,0.00445258,0.00527881
gtsp_exact,0/0009,0,0,1438.12,3,3,1,8,0,1,0.000417664,7.55e-06,0.0134838,0.000780825,1.078e-06,2.74e-07,0.000207044,1.479e-05,0.000423449,0.0145137,0.0149538,0.000424473
one_dir_exact,0/0009,0,0,1438.12,3,3,1,1,0,1,0.000416728,8.96e-07,0.0034164,0.00010374,9.73e-07,3.37e-07,7.796e-06,1.2729e-05,0.000182163,0.00356262,0.00399677,0.000183026
our_bcd,1/0000,1,7,1492.4,3,3,1,16,192,4,0.0800858,0.00333444,0.0964652,0.0193431,0.00421433,0.000666213,0.00641674,1.03e-07,0.00680336,0.127461,0.212435,0.00680428
our_tcd,1/0000,1,7,1573.17,3,3,1,36,1152,9,0.101384,0.0202028,0.155114,0.0486713,0.00667554,0.00233424,0.015145,1.17e-07,0.0132806,0.24092,0.351327,0.0132843
one_dir_gkma,1/0000,1,7,1552.14,3,3,1,4,12,4,0.0788154,0.000252643,0.0111008,0.00203805,0.00403019,0.000553848,0.000173628,6.9e-08,0.00686716,0.0151732,0.0985791,0.00686805
gtsp_exact,1/0000,1,7,1492.4,3,3,1,16,192,4,0.0765625,0.00333664,0.0953432,0.0193581,0.00400254,0.000550345,0.00642081,5.3688e-05,0.0512856,0.126165,0.20734,0.0512871
one_dir_exact,1/0000,1,7,1552.14,3,3,1,4,12,4,0.0765634,0.000251642,0.0108916,0.00199824,0.00397865,0.000551957,0.000172341,4.3608e-05,0.00648836,0.014909,0.0960578,0.0064893
our_bcd,1/0001,1,4,1530.12,3,3,1,16,192,4,0.0421979,0.00279036,0.0932686,0.0153798,0.00345875,0.000512886,0.0047568,6.5e-08,0.00721735,0.117224,0.163401,0.00721847
our_tcd,1/0001,1,4,1601.14,3,3,1,28,640,6,0.0538677,0.0093886,0.118314,0.0244082,0.00458397,0.00109856,0.00978386,1.09e-07,0.00902284,0.162977,0.222533,0.00902374
one_dir_gkma,1/0001,1,4,1563.91,3,3,1,4,12,4,0.0412831,0.000252188,0.0112382,0.001617,0.00340371,0.000505449,0.000153312,6.3e-08,0.00671062,0.0141541,0.0593561,0.00671142
gtsp_exact,1/0001,1,4,1530.12,3,3,1,16,192,4,0.0408775,0.00278913,0.0932167,0.0153797,0.00342967,0.000524364,0.00472826,5.4867e-05,0.0495101,0.117146,0.162046,0.049518
one_dir_exact,1/0001,1,4,1563.91,3,3,1,4,12,4,0.0409859,0.000252096,0.0112025,0.001599,0.00341951,0.00050628,0.00015363,4.4715e-05,0.00616079,0.0141157,0.0590786,0.00616166
our_bcd,1/0002,1,5,1487.61,3,3,1,16,192,4,0.0440018,0.00325414,0.121792,0.0165436,0.00363227,0.000524292,0.005333,2.15e-07,0.00836175,0.148221,0.196386,0.00836311
our_tcd,1/0002,1,5,1541.19,3,3,1,28,672,7,0.0582374,0.0110993,0.132329,0.0315146,0.00521355,0.0015012,0.0109096,1.09e-07,0.0083867,0.187238,0.252202,0.00838762
one_dir_gkma,1/0002,1,5,1525.32,3,3,1,4,12,4,0.0433719,0.000270594,0.0148881,0.00170174,0.00360629,0.000507682,0.000165914,1.17e-07,0.00671728,0.0181609,0.0656531,0.00671839
gtsp_exact,1/0002,1,5,1487.61,3,3,1,16,192,4,0.0431998,0.00325613,0.122869,0.0166416,0.00362106,0.000517904,0.00542219,5.4105e-05,0.0493557,0.149506,0.196907,0.0493567
one_dir_exact,1/0002,1,5,1525.32,3,3,1,4,12,4,0.043106,0.000270849,0.014731,0.00168103,0.00360262,0.000514685,0.000165058,4.3998e-05,0.00616103,0.0179977,0.0652769,0.00616186
our_bcd,1/0003,1,4,1472.82,3,3,1,16,192,4,0.026031,0.00276578,0.0773206,0.0149695,0.00351885,0.000502507,0.00492147,5.4e-08,0.00591783,0.100974,0.131037,0.00592287
our_tcd,1/0003,1,4,1542.28,3,3,1,24,480,6,0.0335157,0.0070949,0.106846,0.0241746,0.0047093,0.00108941,0.00856118,1.27e-07,0.00944591,0.147788,0.187111,0.00944681
one_dir_gkma,1/0003,1,4,1521.67,3,3,1,4,12,4,0.0254699,0.000221151,0.00732014,0.00161407,0.00384497,0.000496024,0.000148112,2.91e-07,0.00678427,0.0102693,0.0400883,0.00678546
gtsp_exact,1/0003,1,4,1472.82,3,3,1,16,192,4,0.0257761,0.00274296,0.0773673,0.0151081,0.00377274,0.000542207,0.00492587,5.5892e-05,0.048943,0.101174,0.131346,0.0489441
one_dir_exact,1/0003,1,4,1521.67,3,3,1,4,12,4,0.0252908,0.000223362,0.00721423,0.00171673,0.00380238,0.000494846,0.000150269,5.3876e-05,0.00630513,0.0102271,0.0399038,0.00630634
our_bcd,1/0004,1,4,1479.88,3,3,1,20,288,4,0.0337721,0.00419923,0.0840016,0.0168465,0.00343105,0.000628343,0.00750734,7.3e-08,0.00661158,0.113574,0.151413,0.00661247
our_tcd,1/0004,1,4,1549.86,3,3,1,34,944,6,0.0371645,0.0142205,0.102847,0.0241353,0.00467791,0.0011842,0.0128984,6.8e-08,0.0102585,0.155162,0.198206,0.0102594
one_dir_gkma,1/0004,1,4,1526.21,3,3,1,4,12,4,0.0292551,0.000222217,0.0102758,0.00161815,0.00351661,0.000642116,0.000153243,1.9e-07,0.00663631,0.013174,0.0465981,0.00664226
gtsp_exact,1/0004,1,4,1479.88,3,3,1,20,288,4,0.0288228,0.00418946,0.0828651,0.0151754,0.0034655,0.000635453,0.0072357,6.0762e-05,0.0728895,0.110495,0.143486,0.0728906
one_dir_exact,1/0004,1,4,1526.21,3,3,1,4,12,4,0.0280741,0.000211614,0.0100791,0.00154619,0.00350002,0.000688355,0.000150475,4.621e-05,0.00611664,0.0128994,0.0452156,0.00611757
our_bcd,1/0005,1,4,1539.7,3,3,1,16,192,4,0.0354824,0.00287944,0.0976694,0.0144907,0.00367209,0.000497177,0.00506955,1.69e-07,0.00703353,0.121118,0.160782,0.00703496
our_tcd,1/0005,1,4,1521.91,3,3,1,28,648,6,0.0425577,0.00964514,0.148549,0.0228204,0.00539375,0.00117361,0.0134271,1.3e-07,0.0103798,0.195464,0.244599,0.0103807
one_dir_gkma,1/0005,1,4,1568.77,3,3,1,4,12,4,0.033915,0.00022135,0.0106301,0.00144773,0.00372493,0.000486058,0.000139407,6.8e-08,0.00663622,0.0133921,0.0515255,0.00663704
gtsp_exact,1/0005,1,4,1539.7,3,3,1,16,192,4,0.033717,0.00285976,0.0980354,0.0144186,0.00367596,0.000496235,0.00504926,7.8347e-05,0.0490151,0.121426,0.159412,0.049016
one_dir_exact,1/0005,1,4,1568.77,3,3,1,4,12,4,0.0338978,0.00022316,0.0105405,0.00144645,0.0036588,0.000488331,0.000139457,4.3154e-05,0.00617484,0.0132829,0.0513819,0.00617586
our_bcd,1/0006,1,4,1480.41,3,3,1,16,192,4,0.0637607,0.00278235,0.0803644,0.0148693,0.00345758,0.00050586,0.00518622,1.3e-07,0.00716509,0.104197,0.171928,0.0071661
our_tcd,1/0006,1,4,1518.9,3,3,1,30,736,6,0.0705641,0.0110174,0.102471,0.0239836,0.00455199,0.00108996,0.010429,6.5e-08,0.0104598,0.148934,0.225146,0.0104607
one_dir_gkma,1/0006,1,4,1531.61,3,3,1,4,12,4,0.0626989,0.000211775,0.00875747,0.0015819,0.00345512,0.000497056,0.000149245,7e-08,0.00669727,0.0115666,0.0782298,0.00669811
gtsp_exact,1/0006,1,4,1480.41,3,3,1,16,192,4,0.0625893,0.00286122,0.0808692,0.0149576,0.00340289,0.000489911,0.00515233,8.2342e-05,0.0490566,0.104832,0.171405,0.0490575
one_dir_exact,1/0006,1,4,1531.61,3,3,1,4,12,4,0.0626494,0.000223826,0.00866538,0.00157577,0.00344129,0.000498228,0.000150453,4.3398e-05,0.00617755,0.0115071,0.0781453,0.00617851
our_bcd,1/0007,1,6,1525.4,3,3,1,18,240,4,0.112816,0.00425871,0.130836,0.0170312,0.00405652,0.000738722,0.00740331,5.4e-08,0.00639534,0.161055,0.278891,0.00639635
our_tcd,1/0007,1,6,1567.34,3,3,1,44,1664,8,0.165245,0.0295777,0.161244,0.0377923,0.00650087,0.00186881,0.0207696,1.23e-07,0.0128782,0.250978,0.424605,0.0128792
one_dir_gkma,1/0007,1,6,1556.08,3,3,1,4,12,4,0.112053,0.000247513,0.0192647,0.00180098,0.00406515,0.000729206,0.000160821,1.22e-07,0.00671223,0.0228617,0.139716,0.00671319
gtsp_exact,1/0007,1,6,1525.4,3,3,1,18,240,4,0.111587,0.00425359,0.130309,0.0170833,0.00416154,0.000745383,0.00734901,8.1805e-05,0.0621601,0.160516,0.277097,0.0621616
one_dir_exact,1/0007,1,6,1556.08,3,3,1,4,12,4,0.112561,0.00024751,0.0192386,0.00179135,0.00405405,0.000733517,0.000159889,4.4529e-05,0.00624892,0.0228382,0.140241,0.00625252
our_bcd,1/0008,1,5,1477.33,3,3,1,20,288,4,0.102223,0.00452458,0.0827225,0.0157218,0.00402635,0.000729862,0.00759428,6.8e-08,0.00783549,0.111815,0.218803,0.00783643
our_tcd,1/0008,1,5,1577.12,3,3,1,38,1216,7,0.141445,0.0207691,0.143436,0.0300492,0.00603173,0.00151443,0.016938,1.18e-07,0.0126145,0.212556,0.361553,0.0126154
one_dir_gkma,1/0008,1,5,1525.01,3,3,1,4,12,4,0.100923,0.000267351,0.0118981,0.00159944,0.0039888,0.000708035,0.000152846,6.8e-08,0.00664899,0.0150531,0.120686,0.00664985
gtsp_exact,1/0008,1,5,1477.33,3,3,1,20,288,4,0.100486,0.00453103,0.0825863,0.0157184,0.00401401,0.000725856,0.00763025,8.2217e-05,0.0732276,0.111726,0.217044,0.0732291
one_dir_exact,1/0008,1,5,1525.01,3,3,1,4,12,4,0.100521,0.000269038,0.0118402,0.00158451,0.00395609,0.000709618,0.000153817,4.5594e-05,0.00627163,0.0150177,0.120256,0.00627255
our_bcd,1/0009,1,4,1501.84,3,3,1,16,192,4,0.0609854,0.00273167,0.0789386,0.0144547,0.00359342,0.000709112,0.00630641,6.5e-08,0.00728258,0.103457,0.168758,0.00728341
our_tcd,1/0009,1,4,1569.73,3,3,1,32,832,6,0.0676894,0.0127327,0.113256,0.0234384,0.00488344,0.00116448,0.0129503,1.13e-07,0.0108821,0.163434,0.237183,0.010886
one_dir_gkma,1/0009,1,4,1506.65,3,3,1,4,12,4,0.060046,0.00019622,0.00574893,0.0016269,0.00354391,0.000702889,0.000140365,6.3e-08,0.00662123,0.00858265,0.0728814,0.00662201
gtsp_exact,1/0009,1,4,1501.84,3,3,1,16,192,4,0.0596819,0.00272346,0.0790137,0.0143916,0.00351668,0.000693439,0.00628168,5.2498e-05,0.0494888,0.10344,0.16739,0.0494901
one_dir_exact,1/0009,1,4,1506.65,3,3,1,4,12,4,0.0599116,0.000195188,0.00574068,0.00163667,0.00352025,0.000696786,0.000139962,4.3763e-05,0.00623052,0.00859309,0.0727783,0.00623133
our_bcd,2/0000,2,16,1520.96,3,3,1,56,2824,11,0.375094,0.09395,0.233743,0.108554,0.0119768,0.0046293,0.0418648,2.06e-07,0.0178801,0.483741,0.875448,0.0178811
our_tcd,2/0000,2,16,1630.11,3,3,1,96,8672,19,0.478332,0.283471,0.277209,0.18994,0.0163026,0.0113491,0.0655539,5.3e-08,0.044301,0.821915,1.3279,0.044302
one_dir_gkma,2/0000,2,16,1583.8,3,3,1,11,110,11,0.368322,0.00403052,0.0267112,0.0097896,0.0119421,0.00451932,0.000806714,6.5e-08,0.01299,0.0467128,0.431509,0.0129909
our_bcd,2/0001,2,13,1595.31,3,3,1,40,1416,9,0.243238,0.0471615,0.216468,0.0731338,0.0101358,0.00297745,0.0320845,1.2e-07,0.0151744,0.373348,0.629709,0.0151784
our_tcd,2/0001,2,13,1722.95,3,3,1,83,6424,16,0.313953,0.218903,0.330081,0.132036,0.0149911,0.00790816,0.0682597,1.79e-07,0.0420349,0.753985,1.09084,0.0420363
one_dir_gkma,2/0001,2,13,1670.55,3,3,1,9,72,9,0.237477,0.00265425,0.0233355,0.00663832,0.0101818,0.00299768,0.000663974,6.4e-08,0.0105775,0.0375634,0.288227,0.0105783
one_dir_exact,2/0001,2,13,1670.55,3,3,1,9,72,9,0.238053,0.00265615,0.0233497,0.00664693,0.0101769,0.0030514,0.000661495,0.0270812,22.4596,0.0375876,0.315961,22.4596
our_bcd,2/0002,2,8,1565.31,3,3,1,30,768,7,0.121551,0.019888,0.159102,0.0442821,0.00779571,0.00191786,0.0183139,1.31e-07,0.0106026,0.2446,0.375884,0.010605
our_tcd,2/0002,2,8,1681.94,3,3,1,58,3024,11,0.151872,0.0723336,0.25455,0.0713143,0.0105058,0.00360651,0.0381633,4e-08,0.0194174,0.439408,0.6054,0.0194183
one_dir_gkma,2/0002,2,8,1636.27,3,3,1,7,42,7,0.116636,0.00115717,0.0145242,0.00454542,0.00889074,0.0020376,0.000430657,1.45e-07,0.00891211,0.0233261,0.150907,0.00891327
one_dir_exact,2/0002,2,8,1636.27,3,3,1,7,42,7,0.117216,0.00115033,0.0141028,0.00443382,0.00782099,0.00199974,0.000406031,0.00124679,0.936983,0.0227255,0.151021,0.936992
our_bcd,2/0003,2,11,1581.98,3,3,1,46,1856,9,0.160252,0.0566688,0.182087,0.0713389,0.0120182,0.00371637,0.0387861,1.04e-07,0.0150218,0.352412,0.528407,0.0150227
our_tcd,2/0003,2,11,1719.16,3,3,1,70,4512,14,0.202806,0.132453,0.291678,0.1133,0.0149971,0.00699845,0.0589512,9.5e-08,0.0289115,0.600117,0.824925,0.028913
one_dir_gkma,2/0003,2,11,1640.81,3,3,1,9,72,9,0.156907,0.0025101,0.0176586,0.00670562,0.0126371,0.0055478,0.000642852,8.6e-08,0.0100543,0.0309336,0.206041,0.0100552
one_dir_exact,2/0003,2,11,1640.81,3,3,1,9,72,9,0.157464,0.00248651,0.0174625,0.00666057,0.0120902,0.00380535,0.000634332,0.0267207,22.4273,0.0305713,0.230662,22.4273
our_bcd,2/0004,2,18,1621.2,3,3,1,72,4616,11,0.432702,0.180516,0.180864,0.121792,0.0128842,0.00495186,0.0660087,9.8e-08,0.0233341,0.555462,1.00601,0.0233356
our_tcd,2/0004,2,18,1804.24,3,3,1,106,10648,21,0.582179,0.426517,0.444499,0.221778,0.0201167,0.013975,0.10939,1.4e-07,0.0573087,1.20878,1.82507,0.0573098
one_dir_gkma,2/0004,2,18,1686.54,3,3,1,11,110,11,0.430704,0.00466396,0.0210895,0.0105032,0.0128436,0.00506994,0.000991128,1.43e-07,0.0132525,0.0433081,0.491935,0.0132541
our_bcd,2/0005,2,8,1556.73,3,3,1,34,960,7,0.126759,0.0231635,0.185418,0.0465046,0.00759379,0.00185018,0.0205903,1.66e-07,0.0103641,0.278693,0.414904,0.010365
our_tcd,2/0005,2,8,1702.11,3,3,1,46,1920,11,0.145183,0.0452902,0.203165,0.0775514,0.00904947,0.00353974,0.0282329,1.2e-07,0.0155392,0.357437,0.515216,0.0155404
one_dir_gkma,2/0005,2,8,1630.84,3,3,1,7,42,7,0.122058,0.00114799,0.0147009,0.00469498,0.00761885,0.00187861,0.000407392,7.5e-08,0.00866475,0.0236237,0.155191,0.00866553
one_dir_exact,2/0005,2,8,1630.84,3,3,1,7,42,7,0.123749,0.0011398,0.0145837,0.00457191,0.00752076,0.0018431,0.000404486,0.00115416,0.94561,0.0234011,0.157679,0.945612
our_bcd,2/0006,2,8,1543.17,3,3,1,40,1336,7,0.102109,0.0405107,0.160244,0.048655,0.0095323,0.00222863,0.0278491,8.8e-08,0.0161904,0.280319,0.394197,0.0161918
our_tcd,2/0006,2,8,1645.57,3,3,1,64,3688,11,0.129271,0.103429,0.229781,0.078074,0.0124642,0.00441038,0.0452452,9.5e-08,0.0261277,0.459726,0.605884,0.0261287
one_dir_gkma,2/0006,2,8,1648.88,3,3,1,7,42,7,0.102968,0.00125684,0.0124068,0.00447658,0.0092396,0.00253748,0.000414396,9.5e-08,0.00878735,0.0213435,0.1361,0.00878835
one_dir_exact,2/0006,2,8,1648.88,3,3,1,7,42,7,0.101648,0.00139473,0.0130444,0.00502207,0.00907011,0.00225662,0.00046963,0.00137804,0.942716,0.0227048,0.137066,0.942718
our_bcd,2/0007,2,8,1551.99,3,3,1,32,872,7,0.12651,0.0217963,0.147792,0.0469929,0.0137297,0.0023835,0.0173588,5.4e-08,0.0105228,0.23732,0.379953,0.0105238
our_tcd,2/0007,2,8,1682.19,3,3,1,60,3248,11,0.170063,0.0903703,0.281264,0.0795435,0.0124216,0.00455963,0.0482562,1.92e-07,0.0210492,0.502456,0.689512,0.0210559
one_dir_gkma,2/0007,2,8,1570.09,3,3,1,7,42,7,0.112383,0.00114332,0.0135855,0.00449568,0.00710973,0.00170442,0.00042833,7.9e-08,0.00886532,0.0223288,0.143536,0.00886624
one_dir_exact,2/0007,2,8,1570.09,3,3,1,7,42,7,0.111727,0.00116569,0.0136072,0.00448074,0.00697475,0.00164846,0.000429704,0.0011834,0.934234,0.0223444,0.143884,0.934235
our_bcd,2/0008,2,9,1563.62,3,3,1,32,872,7,0.130931,0.0229225,0.175835,0.0486116,0.00724574,0.00179675,0.0202131,3.13e-07,0.0120249,0.270848,0.410834,0.0120258
our_tcd,2/0008,2,9,1615.33,3,3,1,60,3264,12,0.176348,0.084238,0.192523,0.0838589,0.00997075,0.00423765,0.0341061,3.1e-08,0.0230957,0.398165,0.588731,0.0230968
one_dir_gkma,2/0008,2,9,1581.93,3,3,1,7,42,7,0.130215,0.00116132,0.0143312,0.00471524,0.0071173,0.00174365,0.000427264,4.3e-08,0.00844809,0.0237025,0.162785,0.0084489
one_dir_exact,2/0008,2,9,1581.93,3,3,1,7,42,7,0.129415,0.0011601,0.0142039,0.00470638,0.00704071,0.00169114,0.000421043,0.00114881,0.940905,0.0235554,0.162858,0.940907
our_bcd,2/0009,2,10,1542.75,3,3,1,30,760,7,0.183185,0.0224585,0.214837,0.0496281,0.00968132,0.00232903,0.0261124,3.4e-08,0.0117994,0.316422,0.511628,0.0118038
our_tcd,2/0009,2,10,1669.59,3,3,1,70,4480,13,0.214232,0.13576,0.309249,0.0979584,0.0140115,0.00600982,0.0572957,9.5e-08,0.0230605,0.604507,0.83877,0.0230615
one_dir_gkma,2/0009,2,10,1632.4,3,3,1,7,42,7,0.177665,0.00138364,0.0209613,0.00465042,0.00968368,0.00232405,0.000472237,4.5e-08,0.00905055,0.0306423,0.220321,0.00905154
one_dir_exact,2/0009,2,10,1632.4,3,3,1,7,42,7,0.177693,0.00138775,0.0208813,0.00464279,0.00966237,0.00236778,0.000487173,0.00115078,0.938501,0.0305539,0.221438,0.938503
our_bcd,3/0000,3,12,1625.21,3,3,1,46,1896,10,0.328365,0.0798696,0.209207,0.092448,0.0122374,0.00394985,0.0430698,3.76e-07,0.0183233,0.430191,0.77475,0.0183242
our_tcd,3/0000,3,12,1715.34,3,3,1,93,8052,16,0.397616,0.347019,0.252909,0.155698,0.0160716,0.0091699,0.0831885,1.59e-07,0.0381181,0.84466,1.26752,0.038119
one_dir_gkma,3/0000,3,12,1669.52,3,3,1,10,90,10,0.344587,0.00388345,0.0207016,0.00870746,0.0123329,0.00397474,0.000874747,1.1e-07,0.0123703,0.0395372,0.400453,0.0123711
one_dir_exact,3/0000,3,12,1669.52,3,3,1,10,90,10,0.324957,0.00388369,0.0207443,0.00869879,0.012384,0.00399793,0.000874433,0.119586,107.161,0.0395611,0.500498,107.161
our_bcd,3/0001,3,19,1614.26,3,3,1,66,3944,12,0.511595,0.201161,0.262012,0.148869,0.0174946,0.0108581,0.0735852,9e-08,0.0238927,0.694764,1.23472,0.0238938
our_tcd,3/0001,3,19,1860.5,3,3,1,128,15560,23,0.629531,0.765326,0.471285,0.279534,0.0230335,0.0170307,0.145457,9.6e-08,0.0920912,1.67109,2.3407,0.0920934
one_dir_gkma,3/0001,3,19,1663.57,3,3,1,12,132,12,0.51912,0.00723789,0.0259138,0.0131681,0.0164275,0.00682895,0.00127401,8.8e-08,0.0147558,0.0565386,0.598929,0.0147567
our_bcd,3/0002,3,17,1635.88,3,3,1,42,1584,10,0.30576,0.0813502,0.287135,0.111361,0.0141769,0.00423622,0.0690821,4.46e-07,0.0195239,0.556147,0.88033,0.0195249
our_tcd,3/0002,3,17,1840.51,3,3,1,108,11048,21,0.404937,0.569434,0.424429,0.221943,0.0218724,0.0148492,0.141714,1.13e-07,0.058764,1.36484,1.80651,0.0587652
one_dir_gkma,3/0002,3,17,1676.35,3,3,1,10,90,10,0.304438,0.00496876,0.0178078,0.0097157,0.0138868,0.0043421,0.00110814,1.92e-07,0.0122333,0.0403248,0.363004,0.0122348
one_dir_exact,3/0002,3,17,1676.35,3,3,1,10,90,10,0.304042,0.0049821,0.0177302,0.00958728,0.0136836,0.00432206,0.00109378,0.119451,107.409,0.0401135,0.481623,107.409
our_bcd,3/0003,3,15,1658.77,3,3,1,46,1896,10,0.314278,0.0894925,0.255303,0.115159,0.0142365,0.0047375,0.0478087,3.52e-07,0.0165906,0.514667,0.847927,0.0165915
our_tcd,3/0003,3,15,1813.92,3,3,1,94,8328,19,0.377297,0.388954,0.316469,0.216975,0.0201593,0.0149052,0.0925521,1.4e-07,0.0514851,1.02218,1.43455,0.0514865
one_dir_gkma,3/0003,3,15,1805.2,3,3,1,10,90,10,0.305363,0.00448906,0.0221186,0.00994615,0.0144273,0.00481756,0.000982794,9.9e-08,0.0124005,0.0442437,0.368864,0.0124015
one_dir_exact,3/0003,3,15,1805.2,3,3,1,10,90,10,0.326104,0.00451415,0.0221987,0.0101234,0.0146425,0.00470184,0.000989755,0.120085,108.389,0.044516,0.510063,108.389
our_bcd,3/0004,3,13,1586.72,3,3,1,42,1584,10,0.283838,0.0693428,0.223057,0.0936503,0.0143595,0.00364263,0.0392097,4.3e-08,0.0158326,0.432238,0.73409,0.0158336
our_tcd,3/0004,3,13,1750.01,3,3,1,88,7232,17,0.314899,0.33532,0.318724,0.174026,0.0149802,0.00854322,0.0900073,9.4e-08,0.0359778,0.925136,1.26357,0.035979
one_dir_gkma,3/0004,3,13,1695.94,3,3,1,10,90,10,0.275019,0.00430672,0.0197556,0.00999123,0.0127593,0.00372603,0.00112077,2.05e-07,0.0132765,0.0417143,0.333237,0.013287
one_dir_exact,3/0004,3,13,1695.94,3,3,1,10,90,10,0.268514,0.00389995,0.0180843,0.00882524,0.0111231,0.0034716,0.000954728,0.120298,107.153,0.0377819,0.441198,107.153
our_bcd,3/0005,3,19,1699.14,3,3,1,74,5008,14,0.418717,0.292133,0.318208,0.16978,0.0186375,0.00810543,0.110981,5.5e-08,0.0295818,0.901034,1.3465,0.0295827
our_tcd,3/0005,3,19,1863.28,3,3,1,128,15528,23,0.529105,0.936253,0.429344,0.287658,0.0245253,0.0185217,0.195918,1.61e-07,0.0818796,1.85909,2.43125,0.0818811
one_dir_gkma,3/0005,3,19,1765.58,3,3,1,14,182,14,0.415554,0.0108971,0.0241851,0.0155431,0.018264,0.00799408,0.00169978,7e-08,0.0171983,0.0616378,0.503461,0.0171992
our_bcd,3/0006,3,13,1591.85,3,3,1,40,1432,10,0.230316,0.0586848,0.274882,0.0900557,0.0124227,0.00386705,0.0379867,1.17e-07,0.0163825,0.467127,0.71374,0.0163834
our_tcd,3/0006,3,13,1715.23,3,3,1,78,5688,17,0.285105,0.229357,0.323205,0.160201,0.0165582,0.00968829,0.0706072,1.2e-07,0.0383519,0.789076,1.10044,0.0383528
one_dir_gkma,3/0006,3,13,1654.14,3,3,1,10,90,10,0.223296,0.00413007,0.0270374,0.00849379,0.0125655,0.00397203,0.000925537,7.1e-08,0.0117483,0.0459059,0.285749,0.0117493
one_dir_exact,3/0006,3,13,1654.14,3,3,1,10,90,10,0.22257,0.00412328,0.0270458,0.00848958,0.0125335,0.00396144,0.000920793,0.11973,107.397,0.0458621,0.404664,107.397
our_bcd,3/0007,3,12,1625.06,3,3,1,44,1736,10,0.257323,0.0731606,0.234244,0.0873687,0.0108245,0.00330269,0.040281,1.62e-07,0.016635,0.440774,0.712232,0.0166361
our_tcd,3/0007,3,12,1773.29,3,3,1,84,6576,16,0.329327,0.289675,0.372999,0.151621,0.0174113,0.0081723,0.0932524,1e-07,0.0484654,0.913449,1.26837,0.0484667
one_dir_gkma,3/0007,3,12,1729.58,3,3,1,10,90,10,0.256216,0.00389647,0.0195541,0.0083215,0.010821,0.00331712,0.000900278,1.84e-07,0.0120903,0.0379899,0.308356,0.0120912
one_dir_exact,3/0007,3,12,1729.58,3,3,1,10,90,10,0.251991,0.00384714,0.0195311,0.00838292,0.0108128,0.00349607,0.00090937,0.121132,106.752,0.0380031,0.425445,106.752
our_bcd,3/0008,3,12,1591.59,3,3,1,40,1440,10,0.250978,0.0609455,0.25048,0.0864639,0.0116804,0.0036133,0.0468706,1.35e-07,0.0178587,0.450431,0.716717,0.0178596
our_tcd,3/0008,3,12,1767.15,3,3,1,86,6880,16,0.301537,0.28133,0.368561,0.146215,0.0154902,0.00742752,0.0871994,1.26e-07,0.0403491,0.889116,1.21358,0.0403502
one_dir_gkma,3/0008,3,12,1685.59,3,3,1,10,90,10,0.247085,0.00391698,0.0222349,0.0087018,0.0113016,0.00365689,0.000907621,1.33e-07,0.0117527,0.0415762,0.303627,0.0117537
one_dir_exact,3/0008,3,12,1685.59,3,3,1,10,90,10,0.247149,0.00390599,0.0219944,0.00860124,0.0112817,0.00362264,0.000887564,0.119403,106.129,0.0407141,0.422177,106.129
our_bcd,3/0009,3,20,1680.48,3,3,1,64,3784,14,0.631264,0.189037,0.324511,0.188222,0.0193857,0.00883535,0.0773,1.1e-07,0.0304208,0.790259,1.44976,0.0304254
our_tcd,3/0009,3,20,1855.8,3,3,1,131,16316,24,0.756254,0.81489,0.476962,0.304711,0.0261411,0.0245082,0.151506,2.01e-07,0.0991941,1.7582,2.56513,0.0991958
one_dir_gkma,3/0009,3,20,1722.27,3,3,1,14,182,14,0.603679,0.0092493,0.0324474,0.0156538,0.0158377,0.00738476,0.00143685,6.3e-08,0.0177877,0.0679406,0.69485,0.0177886
our_bcd,4/0000,4,17,1732.81,3,3,1,60,3296,13,0.345816,0.203693,0.310047,0.160753,0.0183787,0.00767484,0.0798014,1e-07,0.0277461,0.764287,1.13617,0.0277472
our_tcd,4/0000,4,17,1923.22,3,3,1,108,11072,22,0.427826,0.677091,0.39494,0.283554,0.0236207,0.0196902,0.141841,1.69e-07,0.0811428,1.50771,1.97886,0.0811449
one_dir_gkma,4/0000,4,17,1842.19,3,3,1,13,156,13,0.333697,0.01063,0.0291374,0.0160385,0.0197331,0.00762683,0.0020233,1.87e-07,0.0176826,0.0715236,0.432594,0.0176841
our_bcd,4/0001,4,16,1660.57,3,3,1,52,2496,13,0.404294,0.154011,0.328773,0.156127,0.0178953,0.00738122,0.0734455,1.06e-07,0.0274377,0.722028,1.15161,0.0274391
our_tcd,4/0001,4,16,1798.75,3,3,1,96,8744,21,0.497309,0.520366,0.364159,0.251074,0.0223151,0.0166086,0.129242,9.1e-08,0.0603717,1.27452,1.81077,0.0603762
one_dir_gkma,4/0001,4,16,1794.72,3,3,1,13,156,13,0.391999,0.00974502,0.0275678,0.0142335,0.017179,0.00713103,0.00175106,9.4e-08,0.0158845,0.0623787,0.478695,0.0158854
our_bcd,4/0002,4,19,1732.01,3,3,1,56,2880,13,0.408374,0.191003,0.349596,0.169924,0.0175153,0.00679138,0.104177,8.9e-08,0.0253039,0.82601,1.2587,0.0253052
our_tcd,4/0002,4,19,1953.51,3,3,1,122,14192,24,0.53494,0.970268,0.49052,0.320046,0.0297199,0.022045,0.215477,1.52e-07,0.126145,2.00942,2.59615,0.126146
one_dir_gkma,4/0002,4,19,1850.3,3,3,1,13,156,13,0.411067,0.0104416,0.0224452,0.0158608,0.0171,0.00666306,0.00179474,1.65e-07,0.0177381,0.0613438,0.496182,0.01774
our_bcd,4/0003,4,21,1683.33,3,3,1,54,2688,13,0.547848,0.178782,0.35917,0.188465,0.0179503,0.00752326,0.0928942,2.56e-07,0.0292883,0.831157,1.40449,0.0292891
our_tcd,4/0003,4,21,1951.46,3,3,1,118,13344,26,0.673891,0.906957,0.483382,0.368143,0.0255015,0.0242194,0.172515,1.66e-07,0.0963953,1.94385,2.66748,0.0963996
one_dir_gkma,4/0003,4,21,1795.9,3,3,1,13,156,13,0.54804,0.0105529,0.030731,0.0159018,0.0177585,0.00742077,0.0017404,1.42e-07,0.0163589,0.0702939,0.643526,0.0163659
our_bcd,4/0004,4,17,1605.05,3,3,1,54,2688,13,0.392182,0.179136,0.311646,0.159503,0.0190092,0.0072413,0.0916273,1.68e-07,0.0278515,0.752158,1.1706,0.0278546
our_tcd,4/0004,4,17,1885.47,3,3,1,120,13656,22,0.577088,0.88536,0.50689,0.27572,0.0249361,0.0177557,0.193929,1.7e-07,0.0794088,1.87275,2.49254,0.0794103
one_dir_gkma,4/0004,4,17,1684.22,3,3,1,13,156,13,0.397097,0.0104423,0.0190527,0.0144128,0.018588,0.00713499,0.00169939,1.18e-07,0.0162398,0.0552771,0.478112,0.0162407
our_bcd,4/0005,4,19,1681.23,3,3,1,52,2496,13,0.471567,0.143399,0.30873,0.1525,0.0149023,0.00560966,0.0592281,1.03e-07,0.0238982,0.674421,1.16651,0.0238993
our_tcd,4/0005,4,19,1906.91,3,3,1,114,12400,24,0.597762,0.715837,0.427911,0.301307,0.0215218,0.0168699,0.136072,1.77e-07,0.0820151,1.59237,2.22853,0.0820167
one_dir_gkma,4/0005,4,19,1734.39,3,3,1,13,156,13,0.471453,0.00921334,0.0276095,0.0146331,0.0158862,0.00612303,0.00153333,6.9e-08,0.015894,0.0633101,0.556792,0.0158949
our_bcd,4/0006,4,17,1649.32,3,3,1,58,3088,13,0.379582,0.186414,0.30275,0.146546,0.0145814,0.00532514,0.0692317,2.46e-07,0.0293539,0.71493,1.11443,0.029358
our_tcd,4/0006,4,17,1862.55,3,3,1,102,9888,22,0.467597,0.620384,0.445967,0.298305,0.0210659,0.0144602,0.140115,1.53e-07,0.0793471,1.51602,2.01916,0.0793485
one_dir_gkma,4/0006,4,17,1721.71,3,3,1,13,156,13,0.369862,0.00950825,0.0235282,0.0141172,0.0145948,0.00528298,0.00158561,1.49e-07,0.016175,0.0581641,0.447912,0.0161759
our_bcd,4/0007,4,24,1723.28,3,3,1,84,6528,17,0.618142,0.534602,0.418865,0.256474,0.0211918,0.0107606,0.165813,5.6e-08,0.0438292,1.39184,2.04195,0.0438301
our_tcd,4/0007,4,24,2011.4,3,3,1,166,26432,29,0.780495,2.20849,0.653883,0.483947,0.0289009,0.0257753,0.349319,1.98e-07,0.163238,3.71257,4.54776,0.16324
one_dir_gkma,4/0007,4,24,1927.77,3,3,1,17,272,17,0.628187,0.0227035,0.0329915,0.0234789,0.0211103,0.0105075,0.00267024,1.2e-07,0.0237252,0.0972349,0.757048,0.0237262
our_bcd,4/0008,4,19,1718.51,3,3,1,74,5040,15,0.524988,0.296195,0.330856,0.189259,0.0173182,0.0078375,0.0831622,1.6e-07,0.0308298,0.91082,1.46097,0.0308308
our_tcd,4/0008,4,19,1898,3,3,1,110,11560,24,0.661974,0.714754,0.441442,0.332741,0.0223557,0.017034,0.146606,1.84e-07,0.0840765,1.64776,2.34914,0.084081
one_dir_gkma,4/0008,4,19,1811.12,3,3,1,15,210,15,0.514034,0.0130666,0.0214237,0.0179691,0.0175871,0.00807135,0.00187374,6.8e-08,0.0204512,0.0652682,0.604967,0.020452
our_bcd,4/0009,4,17,1752.99,3,3,1,52,2496,13,0.373558,0.144439,0.272867,0.154094,0.0143851,0.00550007,0.0702906,1.43e-07,0.0235477,0.651839,1.04529,0.0235486
our_tcd,4/0009,4,17,2015.22,3,3,1,122,14080,22,0.453593,0.814832,0.387628,0.281548,0.0201286,0.0142186,0.156057,3.75e-07,0.0686764,1.65068,2.13863,0.0686776
one_dir_gkma,4/0009,4,17,1868.93,3,3,1,13,156,13,0.371299,0.00884678,0.0206156,0.0150621,0.0143906,0.00553768,0.00156753,8.8e-08,0.0166119,0.0559227,0.44716,0.0166128
our_bcd,5/0000,5,27,1795.83,3,3,1,100,9416,20,0.913813,0.774672,0.413413,0.366152,0.0271962,0.0174966,0.187315,1.18e-07,0.0627973,1.76039,2.71891,0.0627985
our_tcd,5/0000,5,27,2076.4,3,3,1,184,32688,33,1.12015,2.6722,0.504549,0.595786,0.0358588,0.0416305,0.324828,1.87e-07,0.223489,4.12193,5.31958,0.223491
one_dir_gkma,5/0000,5,27,1887.84,3,3,1,20,380,20,0.903992,0.0327251,0.0367044,0.031329,0.0271804,0.0172776,0.0032081,7.2e-08,0.0368332,0.122494,1.07096,0.0368341
our_bcd,5/0001,5,23,1760.75,3,3,1,72,4840,16,0.624557,0.438443,0.331746,0.249193,0.0223947,0.0113864,0.144757,1.01e-07,0.0401822,1.18036,1.8387,0.0401832
our_tcd,5/0001,5,23,2051.15,3,3,1,140,18848,29,0.767898,1.70811,0.472907,0.469322,0.0320458,0.0377962,0.280714,1.62e-07,0.144825,2.94783,3.78558,0.144826
one_dir_gkma,5/0001,5,23,1859.5,3,3,1,16,240,16,0.637802,0.0229556,0.0286217,0.0240165,0.0226127,0.0115411,0.00322717,1.22e-07,0.023454,0.0949358,0.766907,0.0234558
our_bcd,5/0002,5,28,1794.04,3,3,1,124,14440,20,0.964835,1.24411,0.429441,0.358595,0.02895,0.0162957,0.261488,1.91e-07,0.0675654,2.31359,3.32368,0.0675667
our_tcd,5/0002,5,28,2024.95,3,3,1,180,31334,34,1.20558,2.73211,0.539903,0.623931,0.0397092,0.0469078,0.348931,1.71e-07,0.224931,4.26513,5.55733,0.224933
one_dir_gkma,5/0002,5,28,1899.6,3,3,1,20,380,20,0.926502,0.032393,0.0367254,0.0315759,0.028665,0.0159942,0.00337589,2.29e-07,0.037025,0.123158,1.09433,0.0370265
our_bcd,5/0003,5,24,1758.64,3,3,1,74,5112,16,0.685608,0.460193,0.571799,0.276776,0.0362706,0.0172488,0.178877,5.5e-08,0.0413107,1.50443,2.24358,0.0413121
our_tcd,5/0003,5,24,2013.52,3,3,1,148,21104,30,0.854064,1.86504,0.665535,0.505014,0.0356783,0.0326407,0.346803,1.96e-07,0.125667,3.40019,4.32259,0.125668
one_dir_gkma,5/0003,5,24,1830.23,3,3,1,16,240,16,0.674156,0.0223622,0.0398002,0.023092,0.0369402,0.017111,0.0028225,1.64e-07,0.0228858,0.104405,0.832622,0.022887
our_bcd,5/0004,5,23,1788.74,3,3,1,84,6632,18,0.656979,0.538399,0.33864,0.286833,0.0229636,0.0132566,0.151579,9.7e-08,0.0577108,1.33098,2.02419,0.0577155
our_tcd,5/0004,5,23,2064.01,3,3,1,164,25824,29,0.800425,2.03175,0.462669,0.454512,0.029585,0.0291897,0.274395,1.67e-07,0.135501,3.23928,4.09849,0.135503
one_dir_gkma,5/0004,5,23,1829.35,3,3,1,18,306,18,0.62615,0.0251893,0.0226144,0.0246403,0.0233233,0.0130699,0.00279648,1.26e-07,0.0312623,0.0904466,0.752998,0.0312632
our_bcd,5/0005,5,26,1741.45,3,3,1,70,4568,16,0.844226,0.434578,0.453626,0.269899,0.02572,0.0115961,0.178159,1.02e-07,0.0410943,1.35419,2.23575,0.0410959
our_tcd,5/0005,5,26,2052.85,3,3,1,174,29192,32,1.03107,2.7658,0.708812,0.569761,0.0373106,0.0367744,0.43202,1.46e-07,0.176089,4.49485,5.60002,0.176091
one_dir_gkma,5/0005,5,26,1889.31,3,3,1,16,240,16,0.831323,0.0228675,0.032732,0.0241236,0.0254132,0.0116282,0.00280963,1.5e-07,0.0220099,0.0998703,0.968243,0.0220109
our_bcd,5/0006,5,23,1815.45,3,3,1,94,8288,18,0.63083,0.700156,0.355461,0.275135,0.0234863,0.0132932,0.175152,9.1e-08,0.0575524,1.52173,2.18935,0.0575534
our_tcd,5/0006,5,23,2031.93,3,3,1,144,19928,29,0.778047,1.69764,0.448481,0.458098,0.0310537,0.0307126,0.276352,1.89e-07,0.260137,2.89671,3.73654,0.260142
one_dir_gkma,5/0006,5,23,1852.59,3,3,1,18,306,18,0.619562,0.0253958,0.0291863,0.0248698,0.0234406,0.0133491,0.00282586,6.8e-08,0.0310287,0.0976771,0.754036,0.0310296
our_bcd,5/0007,5,21,1784.11,3,3,1,68,4328,16,0.539952,0.325332,0.324406,0.240409,0.0210328,0.0103069,0.119286,1.12e-07,0.0395296,1.0237,1.59499,0.0395307
our_tcd,5/0007,5,21,2032.57,3,3,1,142,19336,27,0.657473,1.49203,0.440591,0.414022,0.0280993,0.0251751,0.223024,2.29e-07,0.142205,2.58448,3.29524,0.142207
one_dir_gkma,5/0007,5,21,1871.86,3,3,1,16,240,16,0.639598,0.0186163,0.0274865,0.0215539,0.0213744,0.0108205,0.0024727,1.6e-07,0.0218235,0.0841417,0.755945,0.0218255
our_bcd,5/0008,5,23,1739.79,3,3,1,72,4832,16,0.654364,0.467112,0.449965,0.251938,0.0249158,0.0103993,0.187511,1.07e-07,0.0402632,1.37296,2.06265,0.0402644
our_tcd,5/0008,5,23,2099.44,3,3,1,166,26464,29,0.790846,2.50426,0.529587,0.453816,0.0281345,0.0264996,0.33823,1.84e-07,0.214908,3.84257,4.68807,0.21491
one_dir_gkma,5/0008,5,23,1874.41,3,3,1,16,240,16,0.60288,0.0233566,0.025284,0.0220818,0.021334,0.00961257,0.00290166,1.24e-07,0.0227867,0.0891385,0.722977,0.022791
our_bcd,5/0009,5,24,1720.61,3,3,1,70,4584,16,0.698513,0.383763,0.433722,0.245273,0.0242706,0.0105073,0.159086,1.18e-07,0.0349626,1.23748,1.97078,0.0349636
our_tcd,5/0009,5,24,1934.75,3,3,1,165,26180,30,0.887265,2.10434,0.582425,0.474455,0.0345905,0.0320654,0.337484,2.01e-07,0.175678,3.51584,4.46977,0.17568
one_dir_gkma,5/0009,5,24,1849.19,3,3,1,16,240,16,0.683778,0.0200331,0.0351999,0.022251,0.0282972,0.0104561,0.00253008,1.54e-07,0.0221259,0.101619,0.824162,0.0221268
